image_width: 640
image_height: 480
camera_name: narrow_stereo
camera_matrix:
  rows: 3
  cols: 3
  data: [686.96841,   0.     , 330.83528,
           0.     , 687.05384, 270.80166,
           0.     ,   0.     ,   1.     ]
distortion_model: plumb_bob
distortion_coefficients:
  rows: 1
  cols: 5
  data: [0.042277, -0.160055, 0.004414, 0.002112, 0.000000]
rectification_matrix:
  rows: 3
  cols: 3
  data: [1., 0., 0.,
         0., 1., 0.,
         0., 0., 1.]
projection_matrix:
  rows: 3
  cols: 4
  data: [687.27783,   0.     , 331.44615,   0.     ,
           0.     , 687.40576, 271.56898,   0.     ,
           0.     ,   0.     ,   1.     ,   0.     ]
