# oST version 5.0 parameters


[image]

width
1280

height
720

[narrow_stereo]

camera matrix
1354.184278 0.000000 657.764224
0.000000 1350.638838 463.091427
0.000000 0.000000 1.000000

distortion
0.185570 -0.543796 -0.007659 0.011438 0.000000

rectification
1.000000 0.000000 0.000000
0.000000 1.000000 0.000000
0.000000 0.000000 1.000000

projection
1372.351196 0.000000 668.393053 0.000000
0.000000 1383.506104 459.545217 0.000000
0.000000 0.000000 1.000000 0.000000
