image_width: 1280
image_height: 720
camera_name: narrow_stereo
camera_matrix:
  rows: 3
  cols: 3
  data: [1354.18428,    0.     ,  657.76422,
            0.     , 1350.63884,  463.09143,
            0.     ,    0.     ,    1.     ]
distortion_model: plumb_bob
distortion_coefficients:
  rows: 1
  cols: 5
  data: [0.185570, -0.543796, -0.007659, 0.011438, 0.000000]
rectification_matrix:
  rows: 3
  cols: 3
  data: [1., 0., 0.,
         0., 1., 0.,
         0., 0., 1.]
projection_matrix:
  rows: 3
  cols: 4
  data: [1372.3512 ,    0.     ,  668.39305,    0.     ,
            0.     , 1383.5061 ,  459.54522,    0.     ,
            0.     ,    0.     ,    1.     ,    0.     ]
