# oST version 5.0 parameters


[image]

width
640

height
480

[narrow_stereo]

camera matrix
754.256449 0.000000 333.287751
0.000000 751.762486 258.088364
0.000000 0.000000 1.000000

distortion
0.137136 -0.152120 0.007703 -0.001825 0.000000

rectification
1.000000 0.000000 0.000000
0.000000 1.000000 0.000000
0.000000 0.000000 1.000000

projection
775.232971 0.000000 331.722917 0.000000
0.000000 770.374207 260.064161 0.000000
0.000000 0.000000 1.000000 0.000000
