image_width: 640
image_height: 480
camera_name: narrow_stereo
camera_matrix:
  rows: 3
  cols: 3
  data: [754.25645,   0.     , 333.28775,
           0.     , 751.76249, 258.08836,
           0.     ,   0.     ,   1.     ]
distortion_model: plumb_bob
distortion_coefficients:
  rows: 1
  cols: 5
  data: [0.137136, -0.152120, 0.007703, -0.001825, 0.000000]
rectification_matrix:
  rows: 3
  cols: 3
  data: [1., 0., 0.,
         0., 1., 0.,
         0., 0., 1.]
projection_matrix:
  rows: 3
  cols: 4
  data: [775.23297,   0.     , 331.72292,   0.     ,
           0.     , 770.37421, 260.06416,   0.     ,
           0.     ,   0.     ,   1.     ,   0.     ]
