# oST version 5.0 parameters


[image]

width
640

height
480

[narrow_stereo]

camera matrix
732.934737 0.000000 341.206495
0.000000 730.703248 244.397292
0.000000 0.000000 1.000000

distortion
0.113374 -0.141263 0.001989 0.002935 0.000000

rectification
1.000000 0.000000 0.000000
0.000000 1.000000 0.000000
0.000000 0.000000 1.000000

projection
747.492065 0.000000 341.788608 0.000000
0.000000 745.405029 244.523224 0.000000
0.000000 0.000000 1.000000 0.000000
