# oST version 5.0 parameters


[image]

width
1280

height
720

[narrow_stereo]

camera matrix
1042.088614 0.000000 685.211744
0.000000 1073.124801 269.837603
0.000000 0.000000 1.000000

distortion
-0.002692 -0.237346 -0.018097 0.004199 0.000000

rectification
1.000000 0.000000 0.000000
0.000000 1.000000 0.000000
0.000000 0.000000 1.000000

projection
993.855286 0.000000 700.819669 0.000000
0.000000 1055.367798 261.118171 0.000000
0.000000 0.000000 1.000000 0.000000
