# oST version 5.0 parameters


[image]

width
1280

height
720

[narrow_stereo]

camera matrix
777.660135 0.000000 653.130325
0.000000 771.639569 285.491199
0.000000 0.000000 1.000000

distortion
-0.413542 0.132511 0.007694 0.001773 0.000000

rectification
1.000000 0.000000 0.000000
0.000000 1.000000 0.000000
0.000000 0.000000 1.000000

projection
552.231995 0.000000 653.835185 0.000000
0.000000 684.019470 272.634187 0.000000
0.000000 0.000000 1.000000 0.000000
