image_width: 1280
image_height: 720
camera_name: elp_l180_fisheye
camera_matrix:
  rows: 3
  cols: 3
  data: [383.8350721886982,   0.     , 644.2614289755398    ,
           0.     , 384.561985693281, 370.03378743256025    ,
           0.     ,   0.     ,   1.     ]
distortion_model: equidistant
distortion_coefficients:
  rows: 1
  cols: 4
  data: [-0.04210401347359235, -0.00011969058344863722, -0.004740724488648272, 0.0013425807847311166]
rectification_matrix:
  rows: 3
  cols: 3
  data: [1., 0., 0.,
         0., 1., 0.,
         0., 0., 1.]
projection_matrix:
  rows: 3
  cols: 4
  data: [383.8350721886982,   0.     , 644.2614289755398    ,   0.     ,
           0.     , 384.561985693281, 370.03378743256025    ,   0.     ,
           0.     ,   0.     ,   1.     ,   0.     ]
