# oST version 5.0 parameters


[image]

width
640

height
480

[narrow_stereo]

camera matrix
607.853450 0.000000 311.414559
0.000000 607.648958 228.736595
0.000000 0.000000 1.000000

distortion
0.076916 -0.262512 -0.001361 -0.005698 0.000000

rectification
1.000000 0.000000 0.000000
0.000000 1.000000 0.000000
0.000000 0.000000 1.000000

projection
607.040344 0.000000 307.603322 0.000000
0.000000 610.658508 227.719386 0.000000
0.000000 0.000000 1.000000 0.000000
